Number of steps: 19671430
Number of accepted steps: 1000000
Burn-in number of steps: 320000
Accepted fraction of steps: 0.050835
Convergence Status
R[0]= 1.000958	R[1]= 1.001292	R[2]= 1.001715	R[3]= 1.003359	R[4]= 1.003316	R[5]= 1.003275	R[6]= 1.003186	R[7]= 1.001152	R[8]= 1.000749	R[9]= 1.000725	R[10]= 1.000653	R[11]= 1.000590	R[12]= 1.000668	R[13]= 1.000631	R[14]= 1.000719	R[15]= 1.000354	R[16]= 1.000339	R[17]= 1.000330	R[18]= 1.000677	R[19]= 1.000450	R[20]= 1.000567	R[21]= 1.000468	R[22]= 1.000310	R[23]= 1.001226	R[24]= 1.001301	
<R>= 1.001160

Mean parameters
A[0]= 9.731228e-01 pm 2.937623e-02
A[1]= 1.061179e+00 pm 2.410365e-02
A[2]= 5.957166e-01 pm 3.799294e-01
A[3]= 4.227645e+00 pm 1.166465e+00
A[4]= -3.898623e+03 pm 3.735523e+03
A[5]= 2.363672e+03 pm 2.450173e+03
A[6]= -1.783213e+02 pm 5.768405e+02
A[7]= 2.946675e+00 pm 1.330328e+01
A[8]= -5.419061e-03 pm 1.788428e-01
A[9]= 1.439509e+03 pm 8.575786e+03
A[10]= -1.297671e+03 pm 5.225102e+03
A[11]= 9.338982e+01 pm 1.126568e+03
A[12]= -3.662983e+01 pm 4.823709e+01
A[13]= 8.886657e-01 pm 9.346218e-01
A[14]= 5.350094e+00 pm 1.596236e+00
A[15]= -5.352986e+03 pm 5.141999e+03
A[16]= 4.525688e+03 pm 3.373037e+03
A[17]= -8.886583e+02 pm 7.961373e+02
A[18]= 1.442386e+00 pm 1.933724e+01
A[19]= 1.341722e-01 pm 2.563774e-01
A[20]= 9.079094e+03 pm 1.165406e+04
A[21]= -4.424553e+03 pm 7.011053e+03
A[22]= 2.637583e+02 pm 1.478506e+03
A[23]= -4.392184e+01 pm 6.722473e+01
A[24]= 4.462907e-01 pm 1.296118e+00

Best-fitting parameters
A[0]= 9.876535e-01
A[1]= 1.038586e+00
A[2]= 7.211653e-01
A[3]= 3.904736e+00
A[4]= -4.269157e+03
A[5]= 2.644684e+03
A[6]= -2.522579e+02
A[7]= 6.787130e+00
A[8]= -6.820764e-02
A[9]= 7.877644e+02
A[10]= -2.709151e+02
A[11]= -3.221779e+02
A[12]= -3.622210e+01
A[13]= 8.550644e-01
A[14]= 5.112885e+00
A[15]= -6.966119e+03
A[16]= 5.307973e+03
A[17]= -1.028843e+03
A[18]= -1.853890e+00
A[19]= 2.257461e-01
A[20]= 9.443677e+03
A[21]= -4.319714e+03
A[22]= 4.932102e+01
A[23]= -8.210257e+01
A[24]= 1.399724e+00
chi2_min= 1.063919e+02


Cross-Covariance parameters
1.000000e+00	-4.793834e-01	-1.856100e-01	1.034345e-01	3.736012e-02	-4.250498e-02	3.666262e-02	7.050496e-02	-7.639338e-02	-1.054969e-02	7.281015e-03	-1.835183e-02	1.624969e-01	-1.454396e-01	9.245533e-02	4.391012e-02	-4.514155e-02	3.819611e-02	6.783852e-02	-7.359046e-02	1.630433e-02	-1.585949e-02	-1.174436e-03	1.380339e-01	-1.288636e-01	
-4.793834e-01	1.000000e+00	1.635554e-01	-1.877566e-01	1.837926e-03	7.531931e-03	-2.459864e-02	1.077613e-01	-1.047283e-01	-6.915603e-03	4.559466e-03	6.603490e-03	-8.443260e-02	4.213556e-02	-2.036797e-01	1.633736e-02	-1.313656e-02	3.197698e-03	1.157548e-01	-1.253848e-01	-1.237629e-02	9.432545e-03	4.979095e-03	-6.676289e-02	3.719834e-02	
-1.856100e-01	1.635554e-01	1.000000e+00	-7.240376e-01	-3.303345e-02	4.012780e-02	-3.805931e-02	-2.855540e-02	3.856634e-02	-4.178936e-01	5.411356e-01	-6.794877e-01	-9.495952e-02	2.611548e-01	-6.929865e-01	-1.065520e-02	7.837371e-03	1.442150e-03	-2.785705e-02	1.869215e-02	-3.893201e-01	4.994719e-01	-6.343405e-01	-9.521546e-02	2.393346e-01	
1.034345e-01	-1.877566e-01	-7.240376e-01	1.000000e+00	-4.891517e-01	5.390318e-01	-5.778921e-01	1.888268e-01	6.960722e-02	2.278859e-01	-2.983393e-01	3.810403e-01	3.562261e-02	-1.131320e-01	5.203445e-01	1.271226e-02	-1.174856e-02	7.289035e-03	-2.590851e-03	5.487537e-03	2.893096e-01	-3.715920e-01	4.719099e-01	6.704506e-02	-1.736743e-01	
3.736012e-02	1.837926e-03	-3.303345e-02	-4.891517e-01	1.000000e+00	-9.844810e-01	9.405098e-01	-6.947911e-01	3.115792e-01	9.495385e-02	-1.334255e-01	1.748334e-01	6.906535e-02	-7.067789e-02	2.484782e-02	7.113974e-03	-7.913014e-03	7.722997e-03	1.479770e-02	-2.016626e-02	2.263111e-02	-2.746320e-02	3.324305e-02	3.266038e-03	-1.100426e-02	
-4.250498e-02	7.531931e-03	4.012780e-02	5.390318e-01	-9.844810e-01	1.000000e+00	-9.850225e-01	6.470978e-01	-2.457782e-01	-1.085962e-01	1.511781e-01	-1.970843e-01	-7.667527e-02	9.166682e-02	-3.311293e-02	-6.121730e-03	6.726176e-03	-6.374864e-03	-1.408671e-02	1.831439e-02	-2.595583e-02	3.130565e-02	-3.768713e-02	-4.413725e-03	1.270818e-02	
3.666262e-02	-2.459864e-02	-3.805931e-02	-5.778921e-01	9.405098e-01	-9.850225e-01	1.000000e+00	-5.850195e-01	1.814348e-01	1.228180e-01	-1.667272e-01	2.137527e-01	7.111279e-02	-9.588927e-02	3.670425e-02	4.033145e-03	-4.555344e-03	4.476912e-03	9.312391e-03	-1.220507e-02	2.528395e-02	-3.012650e-02	3.596013e-02	3.597824e-03	-1.066493e-02	
7.050496e-02	1.077613e-01	-2.855540e-02	1.888268e-01	-6.947911e-01	6.470978e-01	-5.850195e-01	1.000000e+00	-8.804056e-01	6.592638e-02	-4.644142e-02	1.500450e-02	-4.399111e-02	-1.019746e-01	-3.712569e-03	8.469576e-03	-7.181553e-03	3.224503e-03	2.673713e-02	-2.460470e-02	5.579378e-03	-9.019053e-03	1.232426e-02	1.400885e-02	-2.102060e-02	
-7.639338e-02	-1.047283e-01	3.856634e-02	6.960722e-02	3.115792e-01	-2.457782e-01	1.814348e-01	-8.804056e-01	1.000000e+00	-1.407524e-01	1.379353e-01	-1.209559e-01	2.409186e-02	1.800978e-01	-6.760851e-03	-9.993242e-03	8.993884e-03	-5.204140e-03	-3.093064e-02	2.996425e-02	-1.447544e-02	1.966983e-02	-2.512593e-02	-1.322686e-02	2.320787e-02	
-1.054969e-02	-6.915603e-03	-4.178936e-01	2.278859e-01	9.495385e-02	-1.085962e-01	1.228180e-01	6.592638e-02	-1.407524e-01	1.000000e+00	-9.822412e-01	9.127315e-01	-7.544131e-01	5.510724e-01	3.023279e-01	-7.549840e-03	7.975754e-03	-1.047493e-02	1.719392e-02	-1.056835e-02	1.659345e-01	-2.161114e-01	2.798278e-01	3.455717e-02	-1.010001e-01	
7.281015e-03	4.559466e-03	5.411356e-01	-2.983393e-01	-1.334255e-01	1.511781e-01	-1.667272e-01	-4.644142e-02	1.379353e-01	-9.822412e-01	1.000000e+00	-9.724031e-01	6.960086e-01	-4.818182e-01	-3.879803e-01	3.178799e-03	-3.708964e-03	7.311101e-03	-2.170179e-02	1.556794e-02	-2.196048e-01	2.846261e-01	-3.667995e-01	-4.278472e-02	1.295875e-01	
-1.835183e-02	6.603490e-03	-6.794877e-01	3.810403e-01	1.748334e-01	-1.970843e-01	2.137527e-01	1.500450e-02	-1.209559e-01	9.127315e-01	-9.724031e-01	1.000000e+00	-5.750543e-01	3.573654e-01	4.844514e-01	2.183445e-03	-1.407150e-03	-3.484550e-03	2.543191e-02	-2.012891e-02	2.814805e-01	-3.635607e-01	4.671369e-01	4.999759e-02	-1.604236e-01	
1.624969e-01	-8.443260e-02	-9.495952e-02	3.562261e-02	6.906535e-02	-7.667527e-02	7.111279e-02	-4.399111e-02	2.409186e-02	-7.544131e-01	6.960086e-01	-5.750543e-01	1.000000e+00	-9.432062e-01	6.280745e-02	2.049576e-02	-1.877496e-02	1.509219e-02	4.927643e-03	-9.476687e-03	4.186288e-02	-4.922965e-02	5.491916e-02	2.103671e-02	-3.148471e-02	
-1.454396e-01	4.213556e-02	2.611548e-01	-1.131320e-01	-7.067789e-02	9.166682e-02	-9.588927e-02	-1.019746e-01	1.800978e-01	5.510724e-01	-4.818182e-01	3.573654e-01	-9.432062e-01	1.000000e+00	-1.776749e-01	-2.220929e-02	1.990766e-02	-1.431313e-02	-1.650038e-02	1.951661e-02	-1.137678e-01	1.419488e-01	-1.741253e-01	-3.092197e-02	7.086887e-02	
9.245533e-02	-2.036797e-01	-6.929865e-01	5.203445e-01	2.484782e-02	-3.311293e-02	3.670425e-02	-3.712569e-03	-6.760851e-03	3.023279e-01	-3.879803e-01	4.844514e-01	6.280745e-02	-1.776749e-01	1.000000e+00	-5.106952e-01	5.776970e-01	-6.302189e-01	1.213190e-01	1.454686e-01	1.731839e-01	-2.278505e-01	3.011219e-01	4.240261e-02	-9.811145e-02	
4.391012e-02	1.633736e-02	-1.065520e-02	1.271226e-02	7.113974e-03	-6.121730e-03	4.033145e-03	8.469576e-03	-9.993242e-03	-7.549840e-03	3.178799e-03	2.183445e-03	2.049576e-02	-2.220929e-02	-5.106952e-01	1.000000e+00	-9.831819e-01	9.348370e-01	-6.550322e-01	2.975240e-01	1.599150e-01	-1.912795e-01	2.205779e-01	-4.241183e-03	-2.560041e-02	
-4.514155e-02	-1.313656e-02	7.837371e-03	-1.174856e-02	-7.913014e-03	6.726176e-03	-4.555344e-03	-7.181553e-03	8.993884e-03	7.975754e-03	-3.708964e-03	-1.407150e-03	-1.877496e-02	1.990766e-02	5.776970e-01	-9.831819e-01	1.000000e+00	-9.834670e-01	5.964094e-01	-2.197415e-01	-1.669140e-01	2.026332e-01	-2.366797e-01	-6.426745e-03	4.494972e-02	
3.819611e-02	3.197698e-03	1.442150e-03	7.289035e-03	7.722997e-03	-6.374864e-03	4.476912e-03	3.224503e-03	-5.204140e-03	-1.047493e-02	7.311101e-03	-3.484550e-03	1.509219e-02	-1.431313e-02	-6.302189e-01	9.348370e-01	-9.834670e-01	1.000000e+00	-5.197271e-01	1.387952e-01	1.677080e-01	-2.059700e-01	2.429625e-01	1.267123e-02	-5.662457e-02	
6.783852e-02	1.157548e-01	-2.785705e-02	-2.590851e-03	1.479770e-02	-1.408671e-02	9.312391e-03	2.673713e-02	-3.093064e-02	1.719392e-02	-2.170179e-02	2.543191e-02	4.927643e-03	-1.650038e-02	1.213190e-01	-6.550322e-01	5.964094e-01	-5.197271e-01	1.000000e+00	-9.006377e-01	-3.414533e-02	4.288536e-02	-5.217674e-02	7.517208e-02	-1.432254e-01	
-7.359046e-02	-1.253848e-01	1.869215e-02	5.487537e-03	-2.016626e-02	1.831439e-02	-1.220507e-02	-2.460470e-02	2.996425e-02	-1.056835e-02	1.556794e-02	-2.012891e-02	-9.476687e-03	1.951661e-02	1.454686e-01	2.975240e-01	-2.197415e-01	1.387952e-01	-9.006377e-01	1.000000e+00	-3.480889e-02	3.973772e-02	-4.217859e-02	-9.122617e-02	1.987709e-01	
1.630433e-02	-1.237629e-02	-3.893201e-01	2.893096e-01	2.263111e-02	-2.595583e-02	2.528395e-02	5.579378e-03	-1.447544e-02	1.659345e-01	-2.196048e-01	2.814805e-01	4.186288e-02	-1.137678e-01	1.731839e-01	1.599150e-01	-1.669140e-01	1.677080e-01	-3.414533e-02	-3.480889e-02	1.000000e+00	-9.846334e-01	9.207943e-01	-7.687398e-01	6.067777e-01	
-1.585949e-02	9.432545e-03	4.994719e-01	-3.715920e-01	-2.746320e-02	3.130565e-02	-3.012650e-02	-9.019053e-03	1.966983e-02	-2.161114e-01	2.846261e-01	-3.635607e-01	-4.922965e-02	1.419488e-01	-2.278505e-01	-1.912795e-01	2.026332e-01	-2.059700e-01	4.288536e-02	3.973772e-02	-9.846334e-01	1.000000e+00	-9.739527e-01	7.216624e-01	-5.492599e-01	
-1.174436e-03	4.979095e-03	-6.343405e-01	4.719099e-01	3.324305e-02	-3.768713e-02	3.596013e-02	1.232426e-02	-2.512593e-02	2.798278e-01	-3.667995e-01	4.671369e-01	5.491916e-02	-1.741253e-01	3.011219e-01	2.205779e-01	-2.366797e-01	2.429625e-01	-5.217674e-02	-4.217859e-02	9.207943e-01	-9.739527e-01	1.000000e+00	-6.134716e-01	4.345240e-01	
1.380339e-01	-6.676289e-02	-9.521546e-02	6.704506e-02	3.266038e-03	-4.413725e-03	3.597824e-03	1.400885e-02	-1.322686e-02	3.455717e-02	-4.278472e-02	4.999759e-02	2.103671e-02	-3.092197e-02	4.240261e-02	-4.241183e-03	-6.426745e-03	1.267123e-02	7.517208e-02	-9.122617e-02	-7.687398e-01	7.216624e-01	-6.134716e-01	1.000000e+00	-9.630284e-01	
-1.288636e-01	3.719834e-02	2.393346e-01	-1.736743e-01	-1.100426e-02	1.270818e-02	-1.066493e-02	-2.102060e-02	2.320787e-02	-1.010001e-01	1.295875e-01	-1.604236e-01	-3.148471e-02	7.086887e-02	-9.811145e-02	-2.560041e-02	4.494972e-02	-5.662457e-02	-1.432254e-01	1.987709e-01	6.067777e-01	-5.492599e-01	4.345240e-01	-9.630284e-01	1.000000e+00	

Time taken for mcmc chain: 2.800000 hours
