Number of steps: 3793958
Number of accepted steps: 1000000
Burn-in number of steps: 320000
Accepted fraction of steps: 0.263577
Convergence Status
R[0]= 1.001893	R[1]= 1.003220	R[2]= 1.004966	R[3]= 1.004743	R[4]= 1.001623	R[5]= 1.001421	R[6]= 1.001228	R[7]= 1.000588	R[8]= 1.000172	R[9]= 1.000656	R[10]= 1.000936	R[11]= 1.001650	R[12]= 1.000464	R[13]= 1.001553	R[14]= 1.006603	R[15]= 1.001932	R[16]= 1.002070	R[17]= 1.002146	R[18]= 1.000573	R[19]= 1.000878	R[20]= 1.002180	R[21]= 1.002209	R[22]= 1.001954	R[23]= 1.002767	R[24]= 1.002692	
<R>= 1.002045

Mean parameters
A[0]= 9.404359e-01 pm 3.296176e-02
A[1]= 1.052284e+00 pm 2.604702e-02
A[2]= 5.724943e-01 pm 3.640554e-01
A[3]= 3.905738e+00 pm 1.153543e+00
A[4]= -4.568803e+03 pm 3.780303e+03
A[5]= 2.366390e+03 pm 2.484969e+03
A[6]= -9.912748e+01 pm 5.837991e+02
A[7]= 1.104681e+01 pm 1.322179e+01
A[8]= -1.537142e-01 pm 1.790806e-01
A[9]= -1.620725e+03 pm 8.232316e+03
A[10]= 1.942091e+02 pm 4.933836e+03
A[11]= -1.148921e+02 pm 1.035587e+03
A[12]= -5.820530e+00 pm 4.863831e+01
A[13]= 7.403259e-02 pm 9.443028e-01
A[14]= 5.332215e+00 pm 1.522021e+00
A[15]= -5.868771e+03 pm 5.127810e+03
A[16]= 4.565906e+03 pm 3.345999e+03
A[17]= -8.358431e+02 pm 7.817790e+02
A[18]= -2.432915e+00 pm 1.931647e+01
A[19]= 2.061669e-01 pm 2.621427e-01
A[20]= 7.190722e+03 pm 1.138411e+04
A[21]= -3.941575e+03 pm 6.825074e+03
A[22]= 3.204796e+02 pm 1.431055e+03
A[23]= -4.640190e+01 pm 6.729653e+01
A[24]= 6.044727e-01 pm 1.321352e+00

Best-fitting parameters
A[0]= 9.409356e-01
A[1]= 1.053723e+00
A[2]= 6.665035e-01
A[3]= 3.424140e+00
A[4]= -3.135455e+03
A[5]= 1.529195e+03
A[6]= 8.031459e+01
A[7]= 5.015865e+00
A[8]= -7.255868e-02
A[9]= -6.412989e+02
A[10]= -6.154250e+01
A[11]= -1.763138e+02
A[12]= -1.390889e+01
A[13]= 2.578875e-01
A[14]= 5.233974e+00
A[15]= -6.463006e+03
A[16]= 5.320564e+03
A[17]= -1.101652e+03
A[18]= 4.409086e+00
A[19]= 1.113922e-01
A[20]= -1.286845e+02
A[21]= 1.079965e+03
A[22]= -8.087194e+02
A[23]= -1.695359e+00
A[24]= -6.599550e-02
chi2_min= 9.990582e+01


Cross-Covariance parameters
1.000000e+00	-4.986711e-01	-1.890905e-01	1.292907e-01	-1.196475e-02	1.883197e-02	-3.301592e-02	9.228389e-02	-6.029134e-02	-1.633685e-02	2.564084e-02	-5.319675e-02	1.377240e-01	-1.086956e-01	4.435702e-02	9.149274e-02	-9.766311e-02	9.381119e-02	5.603106e-02	-6.995373e-02	9.167505e-03	-5.961641e-03	-1.781946e-02	1.554556e-01	-1.398182e-01	
-4.986711e-01	1.000000e+00	1.510152e-01	-1.897783e-01	1.122128e-02	-1.165176e-02	3.932596e-03	1.095898e-01	-1.207299e-01	3.881107e-02	-4.709721e-02	6.483247e-02	-1.078283e-01	5.343421e-02	-1.870081e-01	-1.344795e-02	1.507977e-02	-2.435808e-02	1.452377e-01	-1.472473e-01	-6.980325e-03	-6.175813e-04	2.330539e-02	-6.437753e-02	2.592994e-02	
-1.890905e-01	1.510152e-01	1.000000e+00	-6.787416e-01	-2.848960e-02	3.002928e-02	-2.256077e-02	-6.729976e-02	7.170168e-02	-3.629483e-01	4.835657e-01	-6.245112e-01	-1.350572e-01	2.793089e-01	-6.373353e-01	-1.138435e-01	1.262929e-01	-1.268832e-01	-4.705091e-02	8.091260e-02	-3.813779e-01	4.992719e-01	-6.412780e-01	-1.706836e-01	3.156052e-01	
1.292907e-01	-1.897783e-01	-6.787416e-01	1.000000e+00	-5.367564e-01	5.937720e-01	-6.377951e-01	2.032673e-01	8.121419e-02	1.863078e-01	-2.433819e-01	3.145807e-01	2.490681e-02	-7.918913e-02	4.499763e-01	8.066632e-02	-8.813452e-02	8.884051e-02	2.074251e-02	-4.869563e-02	2.582897e-01	-3.355917e-01	4.298977e-01	1.246815e-01	-2.206975e-01	
-1.196475e-02	1.122128e-02	-2.848960e-02	-5.367564e-01	1.000000e+00	-9.847630e-01	9.421869e-01	-6.720114e-01	2.838084e-01	5.474351e-02	-9.667987e-02	1.442364e-01	1.123756e-01	-1.057602e-01	2.321331e-02	-1.020769e-02	7.724679e-03	-5.252403e-03	-5.777489e-03	1.420750e-02	2.449924e-03	-1.085260e-02	1.971293e-02	-3.252120e-03	2.278410e-03	
1.883197e-02	-1.165176e-02	3.002928e-02	5.937720e-01	-9.847630e-01	1.000000e+00	-9.856040e-01	6.207611e-01	-2.145582e-01	-6.250390e-02	1.086494e-01	-1.610607e-01	-1.239897e-01	1.298470e-01	-2.781145e-02	1.225229e-02	-1.009797e-02	7.714794e-03	7.861550e-03	-1.712449e-02	-4.541907e-03	1.337883e-02	-2.288893e-02	6.132848e-03	-4.794382e-03	
-3.301592e-02	3.932596e-03	-2.256077e-02	-6.377951e-01	9.421869e-01	-9.856040e-01	1.000000e+00	-5.574445e-01	1.491781e-01	7.187811e-02	-1.195652e-01	1.734792e-01	1.213899e-01	-1.362487e-01	2.848795e-02	-1.558695e-02	1.386931e-02	-1.134479e-02	-1.413962e-02	2.438018e-02	3.787501e-03	-1.171250e-02	2.033872e-02	-1.149714e-02	1.137034e-02	
9.228389e-02	1.095898e-01	-6.729976e-02	2.032673e-01	-6.720114e-01	6.207611e-01	-5.574445e-01	1.000000e+00	-8.800452e-01	1.188569e-01	-1.016024e-01	7.079377e-02	-7.194222e-02	-8.175471e-02	1.060373e-02	3.222670e-02	-3.116522e-02	2.510075e-02	4.085524e-02	-5.390066e-02	3.222120e-02	-3.822165e-02	4.463565e-02	2.754779e-02	-4.626838e-02	
-6.029134e-02	-1.207299e-01	7.170168e-02	8.121419e-02	2.838084e-01	-2.145582e-01	1.491781e-01	-8.800452e-01	1.000000e+00	-1.708140e-01	1.722225e-01	-1.597192e-01	2.904729e-02	1.759437e-01	-1.988333e-02	-2.304484e-02	2.285355e-02	-1.811615e-02	-3.655879e-02	4.498073e-02	-3.011473e-02	4.008772e-02	-5.103786e-02	-2.111877e-02	3.989867e-02	
-1.633685e-02	3.881107e-02	-3.629483e-01	1.863078e-01	5.474351e-02	-6.250390e-02	7.187811e-02	1.188569e-01	-1.708140e-01	1.000000e+00	-9.825962e-01	9.127786e-01	-7.613324e-01	5.780403e-01	2.333235e-01	4.435794e-02	-4.843966e-02	4.803300e-02	9.917509e-03	-2.498339e-02	1.273638e-01	-1.771714e-01	2.399217e-01	6.703588e-02	-1.250835e-01	
2.564084e-02	-4.709721e-02	4.835657e-01	-2.433819e-01	-9.667987e-02	1.086494e-01	-1.195652e-01	-1.016024e-01	1.722225e-01	-9.825962e-01	1.000000e+00	-9.719349e-01	7.101143e-01	-5.171808e-01	-3.139341e-01	-5.141168e-02	5.710976e-02	-5.710958e-02	-1.882994e-02	3.601683e-02	-1.763267e-01	2.414157e-01	-3.232182e-01	-8.199203e-02	1.591502e-01	
-5.319675e-02	6.483247e-02	-6.245112e-01	3.145807e-01	1.442364e-01	-1.610607e-01	1.734792e-01	7.079377e-02	-1.597192e-01	9.127786e-01	-9.719349e-01	1.000000e+00	-5.963802e-01	4.003694e-01	4.089895e-01	5.909593e-02	-6.667376e-02	6.721325e-02	2.848475e-02	-4.823320e-02	2.360368e-01	-3.192397e-01	4.239731e-01	9.641759e-02	-1.968078e-01	
1.377240e-01	-1.078283e-01	-1.350572e-01	2.490681e-02	1.123756e-01	-1.239897e-01	1.213899e-01	-7.194222e-02	2.904729e-02	-7.613324e-01	7.101143e-01	-5.963802e-01	1.000000e+00	-9.491314e-01	8.397313e-02	2.474870e-02	-2.560108e-02	2.427443e-02	6.084564e-03	-1.060351e-02	6.191836e-02	-7.252512e-02	8.184036e-02	2.131295e-02	-3.538048e-02	
-1.086956e-01	5.343421e-02	2.793089e-01	-7.918913e-02	-1.057602e-01	1.298470e-01	-1.362487e-01	-8.175471e-02	1.759437e-01	5.780403e-01	-5.171808e-01	4.003694e-01	-9.491314e-01	1.000000e+00	-1.735388e-01	-4.239488e-02	4.452942e-02	-4.225162e-02	-1.832250e-02	2.904477e-02	-1.224564e-01	1.530369e-01	-1.876422e-01	-4.044235e-02	8.153015e-02	
4.435702e-02	-1.870081e-01	-6.373353e-01	4.499763e-01	2.321331e-02	-2.781145e-02	2.848795e-02	1.060373e-02	-1.988333e-02	2.333235e-01	-3.139341e-01	4.089895e-01	8.397313e-02	-1.735388e-01	1.000000e+00	-4.791212e-01	5.422541e-01	-5.925036e-01	8.070906e-02	1.677431e-01	1.510702e-01	-2.062273e-01	2.810230e-01	5.013167e-02	-9.580343e-02	
9.149274e-02	-1.344795e-02	-1.138435e-01	8.066632e-02	-1.020769e-02	1.225229e-02	-1.558695e-02	3.222670e-02	-2.304484e-02	4.435794e-02	-5.141168e-02	5.909593e-02	2.474870e-02	-4.239488e-02	-4.791212e-01	1.000000e+00	-9.831513e-01	9.352148e-01	-6.047379e-01	2.472224e-01	1.870607e-01	-2.220857e-01	2.536279e-01	3.286842e-02	-7.019908e-02	
-9.766311e-02	1.507977e-02	1.262929e-01	-8.813452e-02	7.724679e-03	-1.009797e-02	1.386931e-02	-3.116522e-02	2.285355e-02	-4.843966e-02	5.710976e-02	-6.667376e-02	-2.560108e-02	4.452942e-02	5.422541e-01	-9.831513e-01	1.000000e+00	-9.836632e-01	5.375616e-01	-1.639717e-01	-1.945095e-01	2.355298e-01	-2.736435e-01	-5.127179e-02	9.849835e-02	
9.381119e-02	-2.435808e-02	-1.268832e-01	8.884051e-02	-5.252403e-03	7.714794e-03	-1.134479e-02	2.510075e-02	-1.811615e-02	4.803300e-02	-5.710958e-02	6.721325e-02	2.427443e-02	-4.225162e-02	-5.925036e-01	9.352148e-01	-9.836632e-01	1.000000e+00	-4.568565e-01	8.183657e-02	1.942281e-01	-2.390195e-01	2.815173e-01	6.301913e-02	-1.161822e-01	
5.603106e-02	1.452377e-01	-4.705091e-02	2.074251e-02	-5.777489e-03	7.861550e-03	-1.413962e-02	4.085524e-02	-3.655879e-02	9.917509e-03	-1.882994e-02	2.848475e-02	6.084564e-03	-1.832250e-02	8.070906e-02	-6.047379e-01	5.375616e-01	-4.568565e-01	1.000000e+00	-9.057800e-01	-2.664343e-02	2.819883e-02	-2.818880e-02	9.516463e-02	-1.728095e-01	
-6.995373e-02	-1.472473e-01	8.091260e-02	-4.869563e-02	1.420750e-02	-1.712449e-02	2.438018e-02	-5.390066e-02	4.498073e-02	-2.498339e-02	3.601683e-02	-4.823320e-02	-1.060351e-02	2.904477e-02	1.677431e-01	2.472224e-01	-1.639717e-01	8.183657e-02	-9.057800e-01	1.000000e+00	-4.945698e-02	6.248044e-02	-7.500636e-02	-1.260087e-01	2.428902e-01	
9.167505e-03	-6.980325e-03	-3.813779e-01	2.582897e-01	2.449924e-03	-4.541907e-03	3.787501e-03	3.222120e-02	-3.011473e-02	1.273638e-01	-1.763267e-01	2.360368e-01	6.191836e-02	-1.224564e-01	1.510702e-01	1.870607e-01	-1.945095e-01	1.942281e-01	-2.664343e-02	-4.945698e-02	1.000000e+00	-9.840270e-01	9.179580e-01	-7.365133e-01	5.691718e-01	
-5.961641e-03	-6.175813e-04	4.992719e-01	-3.355917e-01	-1.085260e-02	1.337883e-02	-1.171250e-02	-3.822165e-02	4.008772e-02	-1.771714e-01	2.414157e-01	-3.192397e-01	-7.252512e-02	1.530369e-01	-2.062273e-01	-2.220857e-01	2.355298e-01	-2.390195e-01	2.819883e-02	6.248044e-02	-9.840270e-01	1.000000e+00	-9.730661e-01	6.819180e-01	-5.043630e-01	
-1.781946e-02	2.330539e-02	-6.412780e-01	4.298977e-01	1.971293e-02	-2.288893e-02	2.033872e-02	4.463565e-02	-5.103786e-02	2.399217e-01	-3.232182e-01	4.239731e-01	8.184036e-02	-1.876422e-01	2.810230e-01	2.536279e-01	-2.736435e-01	2.815173e-01	-2.818880e-02	-7.500636e-02	9.179580e-01	-9.730661e-01	1.000000e+00	-5.663067e-01	3.832554e-01	
1.554556e-01	-6.437753e-02	-1.706836e-01	1.246815e-01	-3.252120e-03	6.132848e-03	-1.149714e-02	2.754779e-02	-2.111877e-02	6.703588e-02	-8.199203e-02	9.641759e-02	2.131295e-02	-4.044235e-02	5.013167e-02	3.286842e-02	-5.127179e-02	6.301913e-02	9.516463e-02	-1.260087e-01	-7.365133e-01	6.819180e-01	-5.663067e-01	1.000000e+00	-9.635617e-01	
-1.398182e-01	2.592994e-02	3.156052e-01	-2.206975e-01	2.278410e-03	-4.794382e-03	1.137034e-02	-4.626838e-02	3.989867e-02	-1.250835e-01	1.591502e-01	-1.968078e-01	-3.538048e-02	8.153015e-02	-9.580343e-02	-7.019908e-02	9.849835e-02	-1.161822e-01	-1.728095e-01	2.428902e-01	5.691718e-01	-5.043630e-01	3.832554e-01	-9.635617e-01	1.000000e+00	

Time taken for mcmc chain: 20.950000 minutes
