Number of steps: 18416523
Number of accepted steps: 1000000
Burn-in number of steps: 320000
Accepted fraction of steps: 0.054299
Convergence Status
R[0]= 1.000625	R[1]= 1.000531	R[2]= 1.007179	R[3]= 1.002420	R[4]= 1.000291	R[5]= 1.000193	R[6]= 1.000115	R[7]= 1.000723	R[8]= 1.000842	R[9]= 1.000743	R[10]= 1.000864	R[11]= 1.001179	R[12]= 1.001282	R[13]= 1.001342	R[14]= 1.004838	R[15]= 1.000886	R[16]= 1.001245	R[17]= 1.001590	R[18]= 1.002061	R[19]= 1.003088	R[20]= 1.002477	R[21]= 1.003309	R[22]= 1.004250	R[23]= 1.000380	R[24]= 1.000881	
<R>= 1.001733

Mean parameters
A[0]= 8.997015e-01 pm 3.751464e-02
A[1]= 1.015584e+00 pm 3.314568e-02
A[2]= 6.685743e-01 pm 4.483584e-01
A[3]= 3.371709e+00 pm 1.237045e+00
A[4]= -2.890725e+03 pm 3.834959e+03
A[5]= 1.253637e+03 pm 2.518988e+03
A[6]= 1.415613e+02 pm 5.856917e+02
A[7]= 1.379210e+01 pm 1.288700e+01
A[8]= -2.587275e-01 pm 1.845432e-01
A[9]= -5.348161e+03 pm 8.255820e+03
A[10]= 2.467417e+03 pm 4.908118e+03
A[11]= -5.794509e+02 pm 1.012453e+03
A[12]= 2.864641e+01 pm 4.866609e+01
A[13]= -7.388329e-01 pm 9.449221e-01
A[14]= 5.143624e+00 pm 1.737780e+00
A[15]= -9.037250e+03 pm 5.371128e+03
A[16]= 6.043891e+03 pm 3.542266e+03
A[17]= -1.043810e+03 pm 8.272742e+02
A[18]= 1.031955e+01 pm 1.921770e+01
A[19]= 3.008422e-02 pm 2.737389e-01
A[20]= -4.703664e+02 pm 1.188332e+04
A[21]= 1.388469e+02 pm 7.226395e+03
A[22]= -3.864408e+02 pm 1.532432e+03
A[23]= -1.847536e+01 pm 6.778894e+01
A[24]= 1.370590e-01 pm 1.335268e+00

Best-fitting parameters
A[0]= 8.995772e-01
A[1]= 1.013595e+00
A[2]= 9.023669e-01
A[3]= 3.416284e+00
A[4]= -4.755418e+03
A[5]= 2.724031e+03
A[6]= -2.445705e+02
A[7]= 9.271861e+00
A[8]= -1.371252e-01
A[9]= -4.933655e+03
A[10]= 3.531786e+03
A[11]= -1.092747e+03
A[12]= 8.283257e+00
A[13]= -1.553481e-01
A[14]= 4.751983e+00
A[15]= -1.121382e+04
A[16]= 7.492145e+03
A[17]= -1.363854e+03
A[18]= 7.997204e+00
A[19]= 1.042770e-01
A[20]= -7.140126e+03
A[21]= 4.425622e+03
A[22]= -1.361741e+03
A[23]= -2.720959e+01
A[24]= 6.224297e-01
chi2_min= 8.656812e+01


Cross-Covariance parameters
1.000000e+00	-5.250813e-01	-1.434872e-01	8.933045e-02	2.263500e-02	-1.522494e-02	1.173630e-03	3.928380e-02	-1.785608e-02	-1.042823e-02	3.031603e-02	-7.158968e-02	1.175448e-01	-7.914958e-02	7.456326e-02	5.794630e-02	-5.401649e-02	4.236333e-02	3.712566e-02	-2.890077e-02	1.261368e-02	4.847198e-03	-4.560092e-02	1.208800e-01	-8.708499e-02	
-5.250813e-01	1.000000e+00	1.974411e-01	-1.914150e-01	-2.881158e-02	2.933802e-02	-3.616019e-02	1.585602e-01	-1.446200e-01	3.702149e-03	-1.559460e-02	3.819261e-02	-1.037662e-01	5.247217e-02	-2.593771e-01	1.355410e-02	-1.649227e-02	1.131648e-02	1.702013e-01	-1.763890e-01	-1.114641e-03	-8.004716e-03	3.180908e-02	-9.143560e-02	4.906289e-02	
-1.434872e-01	1.974411e-01	1.000000e+00	-6.845592e-01	2.641039e-03	-5.284712e-03	1.533515e-02	-1.573384e-02	-5.913385e-03	-3.516342e-01	4.573993e-01	-5.861150e-01	-1.571008e-01	2.678814e-01	-6.413658e-01	-1.297296e-01	1.403347e-01	-1.408876e-01	-1.332982e-02	4.940450e-02	-4.284011e-01	5.371956e-01	-6.591260e-01	-1.842066e-01	3.233206e-01	
8.933045e-02	-1.914150e-01	-6.845592e-01	1.000000e+00	-5.537616e-01	6.091339e-01	-6.508146e-01	7.814860e-02	2.127350e-01	1.555075e-01	-2.049393e-01	2.735912e-01	3.774801e-02	-5.418045e-02	4.732141e-01	6.738173e-02	-7.358972e-02	7.471221e-02	3.952612e-03	-2.208825e-02	2.958173e-01	-3.688770e-01	4.513534e-01	1.241651e-01	-2.189521e-01	
2.263500e-02	-2.881158e-02	2.641039e-03	-5.537616e-01	1.000000e+00	-9.855989e-01	9.459458e-01	-5.725539e-01	1.641876e-01	7.259472e-02	-1.120482e-01	1.527278e-01	1.278264e-01	-1.383877e-01	-1.530726e-02	3.582627e-02	-3.787661e-02	3.866905e-02	-2.369335e-02	8.255794e-03	1.558587e-03	-3.573906e-03	3.783301e-03	1.122379e-02	-1.249923e-02	
-1.522494e-02	2.933802e-02	-5.284712e-03	6.091339e-01	-9.855989e-01	1.000000e+00	-9.867079e-01	5.114209e-01	-9.059119e-02	-8.426291e-02	1.272846e-01	-1.718116e-01	-1.370630e-01	1.612252e-01	1.594948e-02	-3.598893e-02	3.821667e-02	-3.930507e-02	2.554320e-02	-9.371628e-03	1.082256e-03	1.254614e-03	-2.064236e-03	-1.245267e-02	1.328056e-02	
1.173630e-03	-3.616019e-02	1.533515e-02	-6.508146e-01	9.459458e-01	-9.867079e-01	1.000000e+00	-4.443396e-01	2.613220e-02	9.487639e-02	-1.391817e-01	1.848760e-01	1.340200e-01	-1.675123e-01	-1.854127e-02	3.337201e-02	-3.558146e-02	3.712818e-02	-3.029495e-02	1.401299e-02	-6.885160e-03	5.158816e-03	-4.727316e-03	1.098152e-02	-9.946053e-03	
3.928380e-02	1.585602e-01	-1.573384e-02	7.814860e-02	-5.725539e-01	5.114209e-01	-4.443396e-01	1.000000e+00	-8.829191e-01	1.194001e-01	-1.046058e-01	7.655757e-02	-7.119294e-02	-8.994829e-02	-2.499794e-02	8.403012e-03	-1.071393e-02	9.591242e-03	6.447318e-02	-6.237454e-02	2.004641e-02	-2.435894e-02	2.941691e-02	5.562408e-03	-1.614608e-02	
-1.785608e-02	-1.446200e-01	-5.913385e-03	2.127350e-01	1.641876e-01	-9.059119e-02	2.613220e-02	-8.829191e-01	1.000000e+00	-1.749327e-01	1.767130e-01	-1.628184e-01	2.649207e-02	1.840563e-01	4.207220e-02	-1.952818e-02	2.319962e-02	-2.366000e-02	-4.817006e-02	5.313999e-02	-8.793766e-03	1.295930e-02	-1.764855e-02	-7.963184e-03	1.660900e-02	
-1.042823e-02	3.702149e-03	-3.516342e-01	1.555075e-01	7.259472e-02	-8.426291e-02	9.487639e-02	1.194001e-01	-1.749327e-01	1.000000e+00	-9.841111e-01	9.192447e-01	-7.401841e-01	5.585203e-01	2.200411e-01	5.042700e-02	-5.481251e-02	5.551531e-02	2.570440e-02	-4.124339e-02	1.614785e-01	-2.037317e-01	2.522754e-01	6.595445e-02	-1.242186e-01	
3.031603e-02	-1.559460e-02	4.573993e-01	-2.049393e-01	-1.120482e-01	1.272846e-01	-1.391817e-01	-1.046058e-01	1.767130e-01	-9.841111e-01	1.000000e+00	-9.737129e-01	6.907044e-01	-5.025489e-01	-2.870606e-01	-6.797575e-02	7.388437e-02	-7.487189e-02	-2.676728e-02	4.857421e-02	-2.116021e-01	2.675990e-01	-3.323113e-01	-8.314888e-02	1.598191e-01	
-7.158968e-02	3.819261e-02	-5.861150e-01	2.735912e-01	1.527278e-01	-1.718116e-01	1.848760e-01	7.655757e-02	-1.628184e-01	9.192447e-01	-9.737129e-01	1.000000e+00	-5.826155e-01	3.952171e-01	3.697109e-01	8.751505e-02	-9.536301e-02	9.688524e-02	2.726202e-02	-5.659074e-02	2.731494e-01	-3.463617e-01	4.317086e-01	1.021398e-01	-2.020204e-01	
1.175448e-01	-1.037662e-01	-1.571008e-01	3.774801e-02	1.278264e-01	-1.370630e-01	1.340200e-01	-7.119294e-02	2.649207e-02	-7.401841e-01	6.907044e-01	-5.826155e-01	1.000000e+00	-9.500579e-01	9.866591e-02	3.615809e-02	-3.981087e-02	4.052957e-02	-1.323798e-02	1.571902e-03	6.128751e-02	-7.657678e-02	9.134951e-02	4.320564e-02	-5.934049e-02	
-7.914958e-02	5.247217e-02	2.678814e-01	-5.418045e-02	-1.383877e-01	1.612252e-01	-1.675123e-01	-8.994829e-02	1.840563e-01	5.585203e-01	-5.025489e-01	3.952171e-01	-9.500579e-01	1.000000e+00	-1.589546e-01	-5.882772e-02	6.488378e-02	-6.622566e-02	9.526851e-04	1.868765e-02	-1.164269e-01	1.476060e-01	-1.814640e-01	-6.236285e-02	1.008798e-01	
7.456326e-02	-2.593771e-01	-6.413658e-01	4.732141e-01	-1.530726e-02	1.594948e-02	-1.854127e-02	-2.499794e-02	4.207220e-02	2.200411e-01	-2.870606e-01	3.697109e-01	9.866591e-02	-1.589546e-01	1.000000e+00	-4.734532e-01	5.294089e-01	-5.717941e-01	-4.083092e-02	2.741360e-01	1.465061e-01	-1.959387e-01	2.606360e-01	6.743196e-02	-9.912196e-02	
5.794630e-02	1.355410e-02	-1.297296e-01	6.738173e-02	3.582627e-02	-3.598893e-02	3.337201e-02	8.403012e-03	-1.952818e-02	5.042700e-02	-6.797575e-02	8.751505e-02	3.615809e-02	-5.882772e-02	-4.734532e-01	1.000000e+00	-9.844892e-01	9.416729e-01	-4.840018e-01	1.069229e-01	2.312177e-01	-2.714599e-01	3.048199e-01	6.198096e-02	-1.168630e-01	
-5.401649e-02	-1.649227e-02	1.403347e-01	-7.358972e-02	-3.787661e-02	3.821667e-02	-3.558146e-02	-1.071393e-02	2.319962e-02	-5.481251e-02	7.388437e-02	-9.536301e-02	-3.981087e-02	6.488378e-02	5.294089e-01	-9.844892e-01	1.000000e+00	-9.856519e-01	4.053233e-01	-1.823884e-02	-2.460656e-01	2.917036e-01	-3.304656e-01	-7.850687e-02	1.447790e-01	
4.236333e-02	1.131648e-02	-1.408876e-01	7.471221e-02	3.866905e-02	-3.930507e-02	3.712818e-02	9.591242e-03	-2.366000e-02	5.551531e-02	-7.487189e-02	9.688524e-02	4.052957e-02	-6.622566e-02	-5.717941e-01	9.416729e-01	-9.856519e-01	1.000000e+00	-3.222723e-01	-6.121457e-02	2.512053e-01	-3.001925e-01	3.426018e-01	8.869209e-02	-1.619567e-01	
3.712566e-02	1.702013e-01	-1.332982e-02	3.952612e-03	-2.369335e-02	2.554320e-02	-3.029495e-02	6.447318e-02	-4.817006e-02	2.570440e-02	-2.676728e-02	2.726202e-02	-1.323798e-02	9.526851e-04	-4.083092e-02	-4.840018e-01	4.053233e-01	-3.222723e-01	1.000000e+00	-9.069878e-01	8.332583e-03	-6.149989e-03	2.973990e-03	7.510153e-02	-1.590963e-01	
-2.890077e-02	-1.763890e-01	4.940450e-02	-2.208825e-02	8.255794e-03	-9.371628e-03	1.401299e-02	-6.237454e-02	5.313999e-02	-4.124339e-02	4.857421e-02	-5.659074e-02	1.571902e-03	1.868765e-02	2.741360e-01	1.069229e-01	-1.823884e-02	-6.121457e-02	-9.069878e-01	1.000000e+00	-1.030659e-01	1.172229e-01	-1.266130e-01	-1.082315e-01	2.332815e-01	
1.261368e-02	-1.114641e-03	-4.284011e-01	2.958173e-01	1.558587e-03	1.082256e-03	-6.885160e-03	2.004641e-02	-8.793766e-03	1.614785e-01	-2.116021e-01	2.731494e-01	6.128751e-02	-1.164269e-01	1.465061e-01	2.312177e-01	-2.460656e-01	2.512053e-01	8.332583e-03	-1.030659e-01	1.000000e+00	-9.843571e-01	9.231684e-01	-6.754988e-01	4.934693e-01	
4.847198e-03	-8.004716e-03	5.371956e-01	-3.688770e-01	-3.573906e-03	1.254614e-03	5.158816e-03	-2.435894e-02	1.295930e-02	-2.037317e-01	2.675990e-01	-3.463617e-01	-7.657678e-02	1.476060e-01	-1.959387e-01	-2.714599e-01	2.917036e-01	-3.001925e-01	-6.149989e-03	1.172229e-01	-9.843571e-01	1.000000e+00	-9.757089e-01	6.100431e-01	-4.185965e-01	
-4.560092e-02	3.180908e-02	-6.591260e-01	4.513534e-01	3.783301e-03	-2.064236e-03	-4.727316e-03	2.941691e-02	-1.764855e-02	2.522754e-01	-3.323113e-01	4.317086e-01	9.134951e-02	-1.814640e-01	2.606360e-01	3.048199e-01	-3.304656e-01	3.426018e-01	2.973990e-03	-1.266130e-01	9.231684e-01	-9.757089e-01	1.000000e+00	-4.915765e-01	2.965465e-01	
1.208800e-01	-9.143560e-02	-1.842066e-01	1.241651e-01	1.122379e-02	-1.245267e-02	1.098152e-02	5.562408e-03	-7.963184e-03	6.595445e-02	-8.314888e-02	1.021398e-01	4.320564e-02	-6.236285e-02	6.743196e-02	6.198096e-02	-7.850687e-02	8.869209e-02	7.510153e-02	-1.082315e-01	-6.754988e-01	6.100431e-01	-4.915765e-01	1.000000e+00	-9.620481e-01	
-8.708499e-02	4.906289e-02	3.233206e-01	-2.189521e-01	-1.249923e-02	1.328056e-02	-9.946053e-03	-1.614608e-02	1.660900e-02	-1.242186e-01	1.598191e-01	-2.020204e-01	-5.934049e-02	1.008798e-01	-9.912196e-02	-1.168630e-01	1.447790e-01	-1.619567e-01	-1.590963e-01	2.332815e-01	4.934693e-01	-4.185965e-01	2.965465e-01	-9.620481e-01	1.000000e+00	

Time taken for mcmc chain: 1.461667 hours
