Number of steps: 18416205
Number of accepted steps: 1000000
Burn-in number of steps: 320000
Accepted fraction of steps: 0.054300
Convergence Status
R[0]= 1.001462	R[1]= 1.003221	R[2]= 1.003925	R[3]= 1.002193	R[4]= 1.000085	R[5]= 1.000098	R[6]= 1.000096	R[7]= 1.000104	R[8]= 1.000310	R[9]= 1.000649	R[10]= 1.001110	R[11]= 1.001889	R[12]= 1.000211	R[13]= 1.000798	R[14]= 1.001364	R[15]= 1.000195	R[16]= 1.000235	R[17]= 1.000267	R[18]= 1.000286	R[19]= 1.000296	R[20]= 1.000891	R[21]= 1.001555	R[22]= 1.002580	R[23]= 1.000211	R[24]= 1.000254	
<R>= 1.000971

Mean parameters
A[0]= 9.576000e-01 pm 3.131881e-02
A[1]= 1.056997e+00 pm 2.570977e-02
A[2]= 5.702700e-01 pm 3.780473e-01
A[3]= 4.089249e+00 pm 1.157144e+00
A[4]= -4.540568e+03 pm 3.765442e+03
A[5]= 2.466927e+03 pm 2.476058e+03
A[6]= -1.414692e+02 pm 5.831420e+02
A[7]= 6.854624e+00 pm 1.321030e+01
A[8]= -7.454470e-02 pm 1.782229e-01
A[9]= -1.373019e+02 pm 8.443938e+03
A[10]= -6.168046e+02 pm 5.115809e+03
A[11]= 2.521975e+01 pm 1.092794e+03
A[12]= -2.202648e+01 pm 4.825437e+01
A[13]= 4.977166e-01 pm 9.356198e-01
A[14]= 5.353552e+00 pm 1.622919e+00
A[15]= -5.473347e+03 pm 5.182162e+03
A[16]= 4.438803e+03 pm 3.393800e+03
A[17]= -8.389720e+02 pm 7.981785e+02
A[18]= 2.020452e-01 pm 1.925368e+01
A[19]= 1.570095e-01 pm 2.588405e-01
A[20]= 8.777164e+03 pm 1.150408e+04
A[21]= -4.574629e+03 pm 6.919639e+03
A[22]= 3.777503e+02 pm 1.457925e+03
A[23]= -4.574660e+01 pm 6.686823e+01
A[24]= 5.117776e-01 pm 1.296643e+00

Best-fitting parameters
A[0]= 9.579499e-01
A[1]= 1.044667e+00
A[2]= 6.019987e-01
A[3]= 4.709751e+00
A[4]= -8.230062e+03
A[5]= 5.061728e+03
A[6]= -7.646689e+02
A[7]= 1.509565e+01
A[8]= -1.011360e-01
A[9]= -2.552340e+03
A[10]= 1.168340e+03
A[11]= -4.355819e+02
A[12]= -2.424565e+01
A[13]= 6.844400e-01
A[14]= 5.107059e+00
A[15]= -2.550453e+03
A[16]= 2.897491e+03
A[17]= -5.591772e+02
A[18]= -1.576801e+01
A[19]= 3.875316e-01
A[20]= 7.866115e+03
A[21]= -4.104111e+03
A[22]= 3.072829e+02
A[23]= -6.625904e+01
A[24]= 1.223781e+00
chi2_min= 1.128297e+02


Cross-Covariance parameters
1.000000e+00	-5.031242e-01	-1.747814e-01	9.975788e-02	3.142665e-02	-3.231529e-02	2.382557e-02	5.867614e-02	-5.502507e-02	-2.673758e-02	2.771158e-02	-4.413940e-02	1.616912e-01	-1.357037e-01	7.232774e-02	5.029077e-02	-5.242282e-02	4.624458e-02	5.844002e-02	-6.273974e-02	1.781778e-02	-1.254393e-02	-1.245226e-02	1.258303e-01	-1.107714e-01	
-5.031242e-01	1.000000e+00	1.478162e-01	-1.755073e-01	-2.814683e-03	6.606628e-03	-1.819294e-02	1.144182e-01	-1.141778e-01	3.824029e-02	-4.177378e-02	5.308194e-02	-1.113501e-01	5.825830e-02	-1.953922e-01	2.073175e-02	-1.896896e-02	9.777999e-03	1.262614e-01	-1.395040e-01	-1.390657e-03	-6.338604e-03	2.747605e-02	-6.210686e-02	2.497165e-02	
-1.747814e-01	1.478162e-01	1.000000e+00	-6.967117e-01	-5.574614e-02	6.072456e-02	-5.513760e-02	-3.693855e-02	5.679140e-02	-4.020714e-01	5.241200e-01	-6.637858e-01	-1.160413e-01	2.770902e-01	-6.727569e-01	-2.325382e-02	2.166119e-02	-1.292276e-02	-4.172233e-02	3.650831e-02	-3.903242e-01	5.024172e-01	-6.381761e-01	-1.025134e-01	2.441711e-01	
9.975788e-02	-1.755073e-01	-6.967117e-01	1.000000e+00	-5.026215e-01	5.555552e-01	-5.973307e-01	1.971938e-01	6.777027e-02	2.185685e-01	-2.830199e-01	3.599611e-01	1.978582e-02	-9.063874e-02	5.092958e-01	-1.028680e-02	1.191424e-02	-1.664745e-02	2.351000e-02	-9.032408e-03	2.760933e-01	-3.545292e-01	4.500793e-01	6.545260e-02	-1.623629e-01	
3.142665e-02	-2.814683e-03	-5.574614e-02	-5.026215e-01	1.000000e+00	-9.847230e-01	9.417244e-01	-6.838076e-01	2.984172e-01	7.856249e-02	-1.197194e-01	1.656450e-01	1.053728e-01	-1.034491e-01	1.846576e-02	3.764903e-02	-3.943197e-02	3.918038e-02	-1.322046e-02	-3.142059e-03	2.476955e-02	-3.336761e-02	4.279900e-02	1.673326e-02	-2.705350e-02	
-3.231529e-02	6.606628e-03	6.072456e-02	5.555552e-01	-9.847230e-01	1.000000e+00	-9.854089e-01	6.350111e-01	-2.323603e-01	-8.936808e-02	1.344844e-01	-1.848880e-01	-1.155261e-01	1.264647e-01	-2.145440e-02	-3.896873e-02	4.120344e-02	-4.144541e-02	1.408428e-02	2.945489e-03	-2.633879e-02	3.592091e-02	-4.652677e-02	-1.797051e-02	2.899956e-02	
2.382557e-02	-1.819294e-02	-5.513760e-02	-5.973307e-01	9.417244e-01	-9.854089e-01	1.000000e+00	-5.730447e-01	1.689054e-01	1.004034e-01	-1.467142e-01	1.982122e-01	1.118766e-01	-1.319883e-01	2.002772e-02	3.839697e-02	-4.101632e-02	4.205230e-02	-1.848926e-02	1.335720e-03	2.368086e-02	-3.299871e-02	4.337653e-02	1.680710e-02	-2.659872e-02	
5.867614e-02	1.144182e-01	-3.693855e-02	1.971938e-01	-6.838076e-01	6.350111e-01	-5.730447e-01	1.000000e+00	-8.806048e-01	9.484102e-02	-7.537247e-02	4.302187e-02	-6.778668e-02	-8.429985e-02	4.548499e-03	-2.426249e-03	2.669158e-03	-5.411514e-03	4.715164e-02	-4.285124e-02	1.919819e-02	-2.273864e-02	2.664842e-02	6.681097e-03	-1.802951e-02	
-5.502507e-02	-1.141778e-01	5.679140e-02	6.777027e-02	2.984172e-01	-2.323603e-01	1.689054e-01	-8.806048e-01	1.000000e+00	-1.594812e-01	1.576107e-01	-1.416201e-01	2.825037e-02	1.792079e-01	-1.189078e-02	-1.076842e-02	1.179634e-02	-9.696783e-03	-4.059126e-02	4.286898e-02	-2.813637e-02	3.517215e-02	-4.317294e-02	-1.318547e-02	2.930607e-02	
-2.673758e-02	3.824029e-02	-4.020714e-01	2.185685e-01	7.856249e-02	-8.936808e-02	1.004034e-01	9.484102e-02	-1.594812e-01	1.000000e+00	-9.827536e-01	9.143517e-01	-7.510868e-01	5.511607e-01	2.751737e-01	1.144838e-02	-1.268841e-02	1.032323e-02	2.106435e-02	-2.251057e-02	1.658299e-01	-2.175594e-01	2.821120e-01	3.832672e-02	-1.052416e-01	
2.771158e-02	-4.177378e-02	5.241200e-01	-2.830199e-01	-1.197194e-01	1.344844e-01	-1.467142e-01	-7.537247e-02	1.576107e-01	-9.827536e-01	1.000000e+00	-9.726657e-01	6.942472e-01	-4.844104e-01	-3.577301e-01	-1.585826e-02	1.698325e-02	-1.355710e-02	-2.650751e-02	2.838646e-02	-2.172568e-01	2.838384e-01	-3.668098e-01	-4.797322e-02	1.341817e-01	
-4.413940e-02	5.308194e-02	-6.637858e-01	3.599611e-01	1.656450e-01	-1.848880e-01	1.982122e-01	4.302187e-02	-1.416201e-01	9.143517e-01	-9.726657e-01	1.000000e+00	-5.753754e-01	3.627801e-01	4.525299e-01	2.079344e-02	-2.169522e-02	1.710777e-02	3.140993e-02	-3.388680e-02	2.771522e-01	-3.610958e-01	4.659157e-01	5.705227e-02	-1.659355e-01	
1.616912e-01	-1.113501e-01	-1.160413e-01	1.978582e-02	1.053728e-01	-1.155261e-01	1.118766e-01	-6.778668e-02	2.825037e-02	-7.510868e-01	6.942472e-01	-5.753754e-01	1.000000e+00	-9.448086e-01	7.178886e-02	1.154454e-02	-1.141321e-02	1.017589e-02	5.857096e-03	-6.214494e-03	3.667861e-02	-4.514646e-02	5.267914e-02	2.792590e-02	-3.614629e-02	
-1.357037e-01	5.825830e-02	2.770902e-01	-9.063874e-02	-1.034491e-01	1.264647e-01	-1.319883e-01	-8.429985e-02	1.792079e-01	5.511607e-01	-4.844104e-01	3.627801e-01	-9.448086e-01	1.000000e+00	-1.764283e-01	-1.497958e-02	1.540273e-02	-1.306123e-02	-2.393449e-02	2.468990e-02	-1.056837e-01	1.350657e-01	-1.690905e-01	-4.098006e-02	7.841073e-02	
7.232774e-02	-1.953922e-01	-6.727569e-01	5.092958e-01	1.846576e-02	-2.145440e-02	2.002772e-02	4.548499e-03	-1.189078e-02	2.751737e-01	-3.577301e-01	4.525299e-01	7.178886e-02	-1.764283e-01	1.000000e+00	-5.183330e-01	5.862960e-01	-6.394458e-01	1.024595e-01	1.704145e-01	1.710375e-01	-2.260185e-01	3.001804e-01	2.770708e-02	-7.841523e-02	
5.029077e-02	2.073175e-02	-2.325382e-02	-1.028680e-02	3.764903e-02	-3.896873e-02	3.839697e-02	-2.426249e-03	-1.076842e-02	1.144838e-02	-1.585826e-02	2.079344e-02	1.154454e-02	-1.497958e-02	-5.183330e-01	1.000000e+00	-9.832197e-01	9.349696e-01	-6.284107e-01	2.612589e-01	1.562624e-01	-1.857042e-01	2.117053e-01	1.382426e-02	-4.178098e-02	
-5.242282e-02	-1.896896e-02	2.166119e-02	1.191424e-02	-3.943197e-02	4.120344e-02	-4.101632e-02	2.669158e-03	1.179634e-02	-1.268841e-02	1.698325e-02	-2.169522e-02	-1.141321e-02	1.540273e-02	5.862960e-01	-9.832197e-01	1.000000e+00	-9.834955e-01	5.642604e-01	-1.794055e-01	-1.622333e-01	1.961270e-01	-2.267828e-01	-2.652711e-02	6.297018e-02	
4.624458e-02	9.777999e-03	-1.292276e-02	-1.664745e-02	3.918038e-02	-4.144541e-02	4.205230e-02	-5.411514e-03	-9.696783e-03	1.032323e-02	-1.355710e-02	1.710777e-02	1.017589e-02	-1.306123e-02	-6.394458e-01	9.349696e-01	-9.834955e-01	1.000000e+00	-4.843612e-01	9.692136e-02	1.614677e-01	-1.979903e-01	2.315886e-01	3.454016e-02	-7.613140e-02	
5.844002e-02	1.262614e-01	-4.172233e-02	2.351000e-02	-1.322046e-02	1.408428e-02	-1.848926e-02	4.715164e-02	-4.059126e-02	2.106435e-02	-2.650751e-02	3.140993e-02	5.857096e-03	-2.393449e-02	1.024595e-01	-6.284107e-01	5.642604e-01	-4.843612e-01	1.000000e+00	-8.999010e-01	-2.322510e-02	2.722010e-02	-3.128988e-02	7.687543e-02	-1.521881e-01	
-6.273974e-02	-1.395040e-01	3.650831e-02	-9.032408e-03	-3.142059e-03	2.945489e-03	1.335720e-03	-4.285124e-02	4.286898e-02	-2.251057e-02	2.838646e-02	-3.388680e-02	-6.214494e-03	2.468990e-02	1.704145e-01	2.612589e-01	-1.794055e-01	9.692136e-02	-8.999010e-01	1.000000e+00	-4.260075e-02	5.130214e-02	-5.738276e-02	-1.008774e-01	2.132647e-01	
1.781778e-02	-1.390657e-03	-3.903242e-01	2.760933e-01	2.476955e-02	-2.633879e-02	2.368086e-02	1.919819e-02	-2.813637e-02	1.658299e-01	-2.172568e-01	2.771522e-01	3.667861e-02	-1.056837e-01	1.710375e-01	1.562624e-01	-1.622333e-01	1.614677e-01	-2.322510e-02	-4.260075e-02	1.000000e+00	-9.842876e-01	9.194557e-01	-7.629063e-01	6.028093e-01	
-1.254393e-02	-6.338604e-03	5.024172e-01	-3.545292e-01	-3.336761e-02	3.592091e-02	-3.299871e-02	-2.273864e-02	3.517215e-02	-2.175594e-01	2.838384e-01	-3.610958e-01	-4.514646e-02	1.350657e-01	-2.260185e-01	-1.857042e-01	1.961270e-01	-1.979903e-01	2.722010e-02	5.130214e-02	-9.842876e-01	1.000000e+00	-9.736003e-01	7.151816e-01	-5.449898e-01	
-1.245226e-02	2.747605e-02	-6.381761e-01	4.500793e-01	4.279900e-02	-4.652677e-02	4.337653e-02	2.664842e-02	-4.317294e-02	2.821120e-01	-3.668098e-01	4.659157e-01	5.267914e-02	-1.690905e-01	3.001804e-01	2.117053e-01	-2.267828e-01	2.315886e-01	-3.128988e-02	-5.738276e-02	9.194557e-01	-9.736003e-01	1.000000e+00	-6.067263e-01	4.306796e-01	
1.258303e-01	-6.210686e-02	-1.025134e-01	6.545260e-02	1.673326e-02	-1.797051e-02	1.680710e-02	6.681097e-03	-1.318547e-02	3.832672e-02	-4.797322e-02	5.705227e-02	2.792590e-02	-4.098006e-02	2.770708e-02	1.382426e-02	-2.652711e-02	3.454016e-02	7.687543e-02	-1.008774e-01	-7.629063e-01	7.151816e-01	-6.067263e-01	1.000000e+00	-9.637142e-01	
-1.107714e-01	2.497165e-02	2.441711e-01	-1.623629e-01	-2.705350e-02	2.899956e-02	-2.659872e-02	-1.802951e-02	2.930607e-02	-1.052416e-01	1.341817e-01	-1.659355e-01	-3.614629e-02	7.841073e-02	-7.841523e-02	-4.178098e-02	6.297018e-02	-7.613140e-02	-1.521881e-01	2.132647e-01	6.028093e-01	-5.449898e-01	4.306796e-01	-9.637142e-01	1.000000e+00	

Time taken for mcmc chain: 2.623056 hours
