Number of steps: 18012156
Number of accepted steps: 1000000
Burn-in number of steps: 320000
Accepted fraction of steps: 0.055518
Convergence Status
R[0]= 1.000697	R[1]= 1.000581	R[2]= 1.008093	R[3]= 1.003232	R[4]= 1.001585	R[5]= 1.001792	R[6]= 1.001935	R[7]= 1.000418	R[8]= 1.000439	R[9]= 1.000317	R[10]= 1.000483	R[11]= 1.000900	R[12]= 1.000745	R[13]= 1.000807	R[14]= 1.001382	R[15]= 1.004315	R[16]= 1.004844	R[17]= 1.005159	R[18]= 1.000596	R[19]= 1.001946	R[20]= 1.001516	R[21]= 1.002679	R[22]= 1.004231	R[23]= 1.000249	R[24]= 1.000906	
<R>= 1.001994

Mean parameters
A[0]= 8.886822e-01 pm 3.957297e-02
A[1]= 1.002427e+00 pm 3.043134e-02
A[2]= 5.582708e-01 pm 4.167847e-01
A[3]= 3.716108e+00 pm 1.307242e+00
A[4]= -3.205414e+03 pm 3.829089e+03
A[5]= 1.445299e+03 pm 2.511566e+03
A[6]= 9.618052e+01 pm 5.817357e+02
A[7]= 1.201148e+01 pm 1.284377e+01
A[8]= -2.261167e-01 pm 1.874017e-01
A[9]= -3.719766e+03 pm 8.257008e+03
A[10]= 1.319419e+03 pm 4.892096e+03
A[11]= -3.022774e+02 pm 1.002851e+03
A[12]= 1.782714e+01 pm 4.832282e+01
A[13]= -5.152325e-01 pm 9.398908e-01
A[14]= 5.581756e+00 pm 1.833947e+00
A[15]= -1.037651e+04 pm 5.376353e+03
A[16]= 6.650104e+03 pm 3.530292e+03
A[17]= -1.139618e+03 pm 8.195886e+02
A[18]= 1.344502e+01 pm 1.932631e+01
A[19]= -4.675775e-03 pm 2.778903e-01
A[20]= -2.364916e+03 pm 1.155809e+04
A[21]= 1.032169e+03 pm 6.962547e+03
A[22]= -4.763553e+02 pm 1.459200e+03
A[23]= 6.091551e+00 pm 6.878805e+01
A[24]= -3.860710e-01 pm 1.357165e+00

Best-fitting parameters
A[0]= 8.937691e-01
A[1]= 9.921010e-01
A[2]= 4.696824e-01
A[3]= 3.502122e+00
A[4]= -3.706312e+03
A[5]= 1.370600e+03
A[6]= 1.934116e+02
A[7]= 1.505985e+01
A[8]= -2.811978e-01
A[9]= -5.628074e+03
A[10]= 2.606317e+03
A[11]= -5.672512e+02
A[12]= 4.638823e+01
A[13]= -1.115540e+00
A[14]= 6.841996e+00
A[15]= -1.162441e+04
A[16]= 7.826615e+03
A[17]= -1.468204e+03
A[18]= -5.537017e+00
A[19]= 3.414180e-01
A[20]= -3.070150e+03
A[21]= 1.494788e+03
A[22]= -5.696745e+02
A[23]= -5.521757e+00
A[24]= 3.869766e-02
chi2_min= 8.735560e+01


Cross-Covariance parameters
1.000000e+00	-5.398020e-01	-1.262408e-01	1.047997e-01	-6.470210e-03	1.926059e-02	-3.720149e-02	2.622435e-02	1.804288e-02	-4.873047e-03	3.047623e-02	-7.921016e-02	9.337794e-02	-4.654457e-02	5.674116e-02	5.684361e-02	-5.043953e-02	3.552308e-02	3.752447e-02	-2.660547e-02	1.978633e-02	5.011449e-03	-5.707467e-02	9.923171e-02	-6.129999e-02	
-5.398020e-01	1.000000e+00	1.678411e-01	-2.114713e-01	1.770034e-02	-2.070009e-02	1.599543e-02	1.367505e-01	-1.490471e-01	3.017157e-02	-4.272893e-02	6.592073e-02	-1.126288e-01	5.017104e-02	-2.223810e-01	-5.766866e-03	3.664198e-03	-7.987340e-03	1.603340e-01	-1.552514e-01	9.718603e-03	-1.982686e-02	4.686756e-02	-1.005556e-01	5.702702e-02	
-1.262408e-01	1.678411e-01	1.000000e+00	-6.507554e-01	1.005987e-02	-7.133313e-03	1.154436e-02	-4.162914e-02	2.207449e-02	-3.551308e-01	4.654370e-01	-5.987076e-01	-1.527621e-01	2.658433e-01	-6.194603e-01	-1.168524e-01	1.225913e-01	-1.194178e-01	-2.893605e-02	5.610631e-02	-3.827351e-01	4.990103e-01	-6.328805e-01	-2.327618e-01	3.563388e-01	
1.047997e-01	-2.114713e-01	-6.507554e-01	1.000000e+00	-5.835323e-01	6.399514e-01	-6.809383e-01	5.926023e-02	2.367341e-01	1.455791e-01	-1.980073e-01	2.701140e-01	4.123841e-02	-4.860450e-02	4.445468e-01	6.676008e-02	-6.795567e-02	6.517720e-02	-9.143466e-03	-4.005904e-03	2.521895e-01	-3.266842e-01	4.112873e-01	1.516319e-01	-2.279837e-01	
-6.470210e-03	1.770034e-02	1.005987e-02	-5.835323e-01	1.000000e+00	-9.854159e-01	9.452815e-01	-5.396134e-01	1.309921e-01	6.091816e-02	-9.190124e-02	1.224603e-01	1.115562e-01	-1.218666e-01	-2.356619e-02	1.129630e-02	-1.520222e-02	1.799637e-02	5.297647e-03	-1.338718e-02	-1.012965e-02	8.591882e-03	-6.127682e-03	7.782229e-03	-8.304996e-03	
1.926059e-02	-2.070009e-02	-7.133313e-03	6.399514e-01	-9.854159e-01	1.000000e+00	-9.865593e-01	4.719536e-01	-5.258344e-02	-7.282559e-02	1.072481e-01	-1.415928e-01	-1.212521e-01	1.461402e-01	2.093896e-02	-1.058130e-02	1.471276e-02	-1.787922e-02	-4.872286e-03	1.342811e-02	8.175749e-03	-5.899742e-03	2.290218e-03	-7.044370e-03	8.649652e-03	
-3.720149e-02	1.599543e-02	1.154436e-02	-6.809383e-01	9.452815e-01	-9.865593e-01	1.000000e+00	-3.999871e-01	-1.503137e-02	8.458953e-02	-1.204295e-01	1.561974e-01	1.186271e-01	-1.537506e-01	-2.047408e-02	8.092661e-03	-1.229730e-02	1.599066e-02	7.769396e-04	-9.707903e-03	-9.616725e-03	7.551509e-03	-3.853434e-03	4.274644e-03	-5.741269e-03	
2.622435e-02	1.367505e-01	-4.162914e-02	5.926023e-02	-5.396134e-01	4.719536e-01	-3.999871e-01	1.000000e+00	-8.860865e-01	1.359945e-01	-1.262202e-01	1.039994e-01	-5.828946e-02	-1.131604e-01	1.892065e-03	1.491604e-02	-1.306834e-02	8.074987e-03	4.343207e-02	-4.212729e-02	3.097452e-02	-3.607055e-02	4.215278e-02	6.961248e-03	-1.956825e-02	
1.804288e-02	-1.490471e-01	2.207449e-02	2.367341e-01	1.309921e-01	-5.258344e-02	-1.503137e-02	-8.860865e-01	1.000000e+00	-1.776140e-01	1.816353e-01	-1.710702e-01	1.474314e-02	2.026880e-01	1.335469e-02	-1.588359e-02	1.582541e-02	-1.303169e-02	-3.917866e-02	4.176664e-02	-2.085025e-02	2.647816e-02	-3.430084e-02	-4.443321e-03	1.661636e-02	
-4.873047e-03	3.017157e-02	-3.551308e-01	1.455791e-01	6.091816e-02	-7.282559e-02	8.458953e-02	1.359945e-01	-1.776140e-01	1.000000e+00	-9.843141e-01	9.199841e-01	-7.445011e-01	5.626964e-01	2.244103e-01	3.850158e-02	-4.031738e-02	3.824265e-02	1.277604e-02	-2.014418e-02	1.461350e-01	-1.908152e-01	2.440258e-01	7.390253e-02	-1.224276e-01	
3.047623e-02	-4.272893e-02	4.654370e-01	-1.980073e-01	-9.190124e-02	1.072481e-01	-1.204295e-01	-1.262202e-01	1.816353e-01	-9.843141e-01	1.000000e+00	-9.738944e-01	6.980939e-01	-5.099835e-01	-2.908016e-01	-5.317688e-02	5.623701e-02	-5.444651e-02	-1.840292e-02	3.082476e-02	-1.919283e-01	2.516470e-01	-3.230853e-01	-9.705411e-02	1.628680e-01	
-7.921016e-02	6.592073e-02	-5.987076e-01	2.701140e-01	1.224603e-01	-1.415928e-01	1.561974e-01	1.039994e-01	-1.710702e-01	9.199841e-01	-9.738944e-01	1.000000e+00	-5.942829e-01	4.071750e-01	3.718563e-01	6.967557e-02	-7.429208e-02	7.305320e-02	2.473807e-02	-4.340057e-02	2.476207e-01	-3.261835e-01	4.208905e-01	1.235002e-01	-2.111671e-01	
9.337794e-02	-1.126288e-01	-1.527621e-01	4.123841e-02	1.115562e-01	-1.212521e-01	1.186271e-01	-5.828946e-02	1.474314e-02	-7.445011e-01	6.980939e-01	-5.942829e-01	1.000000e+00	-9.489797e-01	9.966448e-02	2.088490e-02	-2.287205e-02	2.342024e-02	4.791796e-03	-1.088888e-02	4.976494e-02	-6.504565e-02	8.099388e-02	5.236733e-02	-6.767556e-02	
-4.654457e-02	5.017104e-02	2.658433e-01	-4.860450e-02	-1.218666e-01	1.461402e-01	-1.537506e-01	-1.131604e-01	2.026880e-01	5.626964e-01	-5.099835e-01	4.071750e-01	-9.489797e-01	1.000000e+00	-1.649665e-01	-3.465995e-02	3.799065e-02	-3.840859e-02	-1.841837e-02	2.830405e-02	-9.920660e-02	1.313968e-01	-1.686741e-01	-7.502107e-02	1.105245e-01	
5.674116e-02	-2.223810e-01	-6.194603e-01	4.445468e-01	-2.356619e-02	2.093896e-02	-2.047408e-02	1.892065e-03	1.335469e-02	2.244103e-01	-2.908016e-01	3.718563e-01	9.966448e-02	-1.649665e-01	1.000000e+00	-5.003078e-01	5.614051e-01	-6.077443e-01	-5.664348e-02	2.973920e-01	1.324935e-01	-1.871217e-01	2.602971e-01	8.556306e-02	-1.082654e-01	
5.684361e-02	-5.766866e-03	-1.168524e-01	6.676008e-02	1.129630e-02	-1.058130e-02	8.092661e-03	1.491604e-02	-1.588359e-02	3.850158e-02	-5.317688e-02	6.967557e-02	2.088490e-02	-3.465995e-02	-5.003078e-01	1.000000e+00	-9.848137e-01	9.424905e-01	-4.584403e-01	8.465369e-02	2.025808e-01	-2.380822e-01	2.655828e-01	6.100617e-02	-1.079575e-01	
-5.043953e-02	3.664198e-03	1.225913e-01	-6.795567e-02	-1.520222e-02	1.471276e-02	-1.229730e-02	-1.306834e-02	1.582541e-02	-4.031738e-02	5.623701e-02	-7.429208e-02	-2.287205e-02	3.799065e-02	5.614051e-01	-9.848137e-01	1.000000e+00	-9.857450e-01	3.789485e-01	4.048291e-03	-2.101491e-01	2.500512e-01	-2.820162e-01	-7.870769e-02	1.354113e-01	
3.552308e-02	-7.987340e-03	-1.194178e-01	6.517720e-02	1.799637e-02	-1.787922e-02	1.599066e-02	8.074987e-03	-1.303169e-02	3.824265e-02	-5.444651e-02	7.305320e-02	2.342024e-02	-3.840859e-02	-6.077443e-01	9.424905e-01	-9.857450e-01	1.000000e+00	-2.955746e-01	-8.333089e-02	2.097410e-01	-2.524271e-01	2.875996e-01	9.014238e-02	-1.528899e-01	
3.752447e-02	1.603340e-01	-2.893605e-02	-9.143466e-03	5.297647e-03	-4.872286e-03	7.769396e-04	4.343207e-02	-3.917866e-02	1.277604e-02	-1.840292e-02	2.473807e-02	4.791796e-03	-1.841837e-02	-5.664348e-02	-4.584403e-01	3.789485e-01	-2.955746e-01	1.000000e+00	-9.096552e-01	1.677387e-03	-3.277438e-03	4.447948e-03	9.209598e-02	-1.749922e-01	
-2.660547e-02	-1.552514e-01	5.610631e-02	-4.005904e-03	-1.338718e-02	1.342811e-02	-9.707903e-03	-4.212729e-02	4.176664e-02	-2.014418e-02	3.082476e-02	-4.340057e-02	-1.088888e-02	2.830405e-02	2.973920e-01	8.465369e-02	4.048291e-03	-8.333089e-02	-9.096552e-01	1.000000e+00	-7.701360e-02	9.240620e-02	-1.034893e-01	-1.268961e-01	2.452562e-01	
1.978633e-02	9.718603e-03	-3.827351e-01	2.521895e-01	-1.012965e-02	8.175749e-03	-9.616725e-03	3.097452e-02	-2.085025e-02	1.461350e-01	-1.919283e-01	2.476207e-01	4.976494e-02	-9.920660e-02	1.324935e-01	2.025808e-01	-2.101491e-01	2.097410e-01	1.677387e-03	-7.701360e-02	1.000000e+00	-9.836765e-01	9.182879e-01	-6.849407e-01	5.180083e-01	
5.011449e-03	-1.982686e-02	4.990103e-01	-3.266842e-01	8.591882e-03	-5.899742e-03	7.551509e-03	-3.607055e-02	2.647816e-02	-1.908152e-01	2.516470e-01	-3.261835e-01	-6.504565e-02	1.313968e-01	-1.871217e-01	-2.380822e-01	2.500512e-01	-2.524271e-01	-3.277438e-03	9.240620e-02	-9.836765e-01	1.000000e+00	-9.737463e-01	6.203006e-01	-4.443435e-01	
-5.707467e-02	4.686756e-02	-6.328805e-01	4.112873e-01	-6.127682e-03	2.290218e-03	-3.853434e-03	4.215278e-02	-3.430084e-02	2.440258e-01	-3.230853e-01	4.208905e-01	8.099388e-02	-1.686741e-01	2.602971e-01	2.655828e-01	-2.820162e-01	2.875996e-01	4.447948e-03	-1.034893e-01	9.182879e-01	-9.737463e-01	1.000000e+00	-4.997627e-01	3.206326e-01	
9.923171e-02	-1.005556e-01	-2.327618e-01	1.516319e-01	7.782229e-03	-7.044370e-03	4.274644e-03	6.961248e-03	-4.443321e-03	7.390253e-02	-9.705411e-02	1.235002e-01	5.236733e-02	-7.502107e-02	8.556306e-02	6.100617e-02	-7.870769e-02	9.014238e-02	9.209598e-02	-1.268961e-01	-6.849407e-01	6.203006e-01	-4.997627e-01	1.000000e+00	-9.656137e-01	
-6.129999e-02	5.702702e-02	3.563388e-01	-2.279837e-01	-8.304996e-03	8.649652e-03	-5.741269e-03	-1.956825e-02	1.661636e-02	-1.224276e-01	1.628680e-01	-2.111671e-01	-6.767556e-02	1.105245e-01	-1.082654e-01	-1.079575e-01	1.354113e-01	-1.528899e-01	-1.749922e-01	2.452562e-01	5.180083e-01	-4.443435e-01	3.206326e-01	-9.656137e-01	1.000000e+00	

Time taken for mcmc chain: 1.388333 hours
