Number of steps: 18307518
Number of accepted steps: 1000000
Burn-in number of steps: 320000
Accepted fraction of steps: 0.054622
Convergence Status
R[0]= 1.000593	R[1]= 1.001347	R[2]= 1.006118	R[3]= 1.002052	R[4]= 1.000701	R[5]= 1.000801	R[6]= 1.000953	R[7]= 1.002409	R[8]= 1.002147	R[9]= 1.000448	R[10]= 1.000880	R[11]= 1.001771	R[12]= 1.000109	R[13]= 1.000646	R[14]= 1.002758	R[15]= 1.000937	R[16]= 1.001013	R[17]= 1.001075	R[18]= 1.000490	R[19]= 1.000113	R[20]= 1.000678	R[21]= 1.001231	R[22]= 1.002128	R[23]= 1.000197	R[24]= 1.000201	
<R>= 1.001272

Mean parameters
A[0]= 9.104108e-01 pm 3.833874e-02
A[1]= 1.034606e+00 pm 3.467512e-02
A[2]= 7.146939e-01 pm 4.879000e-01
A[3]= 3.222036e+00 pm 1.176433e+00
A[4]= -3.163907e+03 pm 3.777284e+03
A[5]= 1.447375e+03 pm 2.478826e+03
A[6]= 1.004643e+02 pm 5.785255e+02
A[7]= 1.854610e+01 pm 1.296519e+01
A[8]= -3.253692e-01 pm 1.828741e-01
A[9]= -5.460067e+03 pm 8.331358e+03
A[10]= 2.592940e+03 pm 4.984677e+03
A[11]= -6.238869e+02 pm 1.040425e+03
A[12]= 3.001011e+01 pm 4.851296e+01
A[13]= -8.235845e-01 pm 9.414267e-01
A[14]= 4.793624e+00 pm 1.633423e+00
A[15]= -7.770956e+03 pm 5.297997e+03
A[16]= 5.327245e+03 pm 3.478311e+03
A[17]= -8.990012e+02 pm 8.114971e+02
A[18]= 8.337841e+00 pm 1.931925e+01
A[19]= 4.628144e-02 pm 2.701626e-01
A[20]= 3.671876e+03 pm 1.162796e+04
A[21]= -2.101572e+03 pm 7.062213e+03
A[22]= -4.834246e+00 pm 1.503273e+03
A[23]= -4.365943e+01 pm 6.785402e+01
A[24]= 6.013033e-01 pm 1.339585e+00

Best-fitting parameters
A[0]= 9.241271e-01
A[1]= 1.010052e+00
A[2]= 4.798346e-01
A[3]= 3.858821e+00
A[4]= -3.517123e+03
A[5]= 1.724193e+03
A[6]= 2.186931e+01
A[7]= 1.361137e+01
A[8]= -2.214254e-01
A[9]= -7.232504e+03
A[10]= 3.328727e+03
A[11]= -6.742022e+02
A[12]= 4.135596e+01
A[13]= -8.731678e-01
A[14]= 5.383554e+00
A[15]= -1.042095e+04
A[16]= 6.639992e+03
A[17]= -1.072847e+03
A[18]= 1.546832e+01
A[19]= 1.191569e-02
A[20]= 5.516494e+03
A[21]= -3.477670e+03
A[22]= 3.230753e+02
A[23]= -3.270525e+01
A[24]= 2.686918e-01
chi2_min= 9.145486e+01


Cross-Covariance parameters
1.000000e+00	-5.584527e-01	-1.326191e-01	1.170583e-01	-7.254895e-03	1.193307e-02	-2.226648e-02	5.782299e-02	-2.920437e-02	-2.354174e-02	4.070600e-02	-7.791579e-02	1.272289e-01	-8.871313e-02	6.288354e-02	7.912553e-02	-7.780987e-02	6.875739e-02	4.234126e-02	-4.604153e-02	2.766745e-02	-8.154972e-03	-3.676554e-02	1.230563e-01	-9.029534e-02	
-5.584527e-01	1.000000e+00	1.960631e-01	-2.058950e-01	-1.738620e-02	2.113220e-02	-3.218877e-02	1.319020e-01	-1.245932e-01	1.743272e-02	-2.484039e-02	4.233344e-02	-1.238942e-01	7.382094e-02	-2.622996e-01	1.684992e-02	-2.132102e-02	1.773987e-02	1.375596e-01	-1.467369e-01	-1.575520e-02	3.630090e-03	2.533831e-02	-7.853778e-02	3.594217e-02	
-1.326191e-01	1.960631e-01	1.000000e+00	-6.855843e-01	-2.125027e-02	2.314038e-02	-1.756933e-02	-4.490729e-02	3.924206e-02	-3.530603e-01	4.670467e-01	-6.022519e-01	-1.571478e-01	2.855387e-01	-6.547564e-01	-1.171114e-01	1.251487e-01	-1.247472e-01	-5.928837e-02	8.891406e-02	-3.984265e-01	5.144439e-01	-6.464634e-01	-1.985872e-01	3.308311e-01	
1.170583e-01	-2.058950e-01	-6.855843e-01	1.000000e+00	-5.267958e-01	5.810475e-01	-6.218755e-01	1.213401e-01	1.584013e-01	1.687225e-01	-2.241437e-01	2.961709e-01	3.768158e-02	-7.196788e-02	4.840017e-01	8.331575e-02	-8.766807e-02	8.676693e-02	1.981274e-02	-4.003191e-02	2.889193e-01	-3.692431e-01	4.587385e-01	1.320014e-01	-2.241543e-01	
-7.254895e-03	-1.738620e-02	-2.125027e-02	-5.267958e-01	1.000000e+00	-9.852325e-01	9.441973e-01	-6.062907e-01	2.051732e-01	8.647210e-02	-1.280332e-01	1.718119e-01	1.133492e-01	-1.188429e-01	1.543936e-02	1.407227e-02	-1.543187e-02	1.664323e-02	-1.128147e-02	3.860372e-03	4.813701e-03	-9.375625e-03	1.558662e-02	1.356871e-02	-1.668875e-02	
1.193307e-02	2.113220e-02	2.314038e-02	5.810475e-01	-9.852325e-01	1.000000e+00	-9.861710e-01	5.473404e-01	-1.318606e-01	-9.716282e-02	1.422547e-01	-1.900079e-01	-1.268067e-01	1.462173e-01	-1.685731e-02	-1.222968e-02	1.430757e-02	-1.632348e-02	1.076174e-02	-2.988066e-03	-4.871187e-03	9.746555e-03	-1.641849e-02	-1.420173e-02	1.779154e-02	
-2.226648e-02	-3.218877e-02	-1.756933e-02	-6.218755e-01	9.441973e-01	-9.861710e-01	1.000000e+00	-4.801202e-01	6.570682e-02	1.082687e-01	-1.544591e-01	2.032259e-01	1.268520e-01	-1.563019e-01	1.571631e-02	8.016674e-03	-1.059481e-02	1.353561e-02	-1.390335e-02	6.338561e-03	8.836585e-04	-5.043494e-03	1.107349e-02	1.283883e-02	-1.529709e-02	
5.782299e-02	1.319020e-01	-4.490729e-02	1.213401e-01	-6.062907e-01	5.473404e-01	-4.801202e-01	1.000000e+00	-8.832149e-01	1.179501e-01	-1.028000e-01	7.528617e-02	-6.377169e-02	-9.827255e-02	-1.391883e-02	2.786905e-02	-3.018927e-02	2.828463e-02	5.150577e-02	-5.741567e-02	3.069344e-02	-3.712345e-02	4.345784e-02	1.813288e-02	-3.178615e-02	
-2.920437e-02	-1.245932e-01	3.924206e-02	1.584013e-01	2.051732e-01	-1.318606e-01	6.570682e-02	-8.832149e-01	1.000000e+00	-1.771186e-01	1.797502e-01	-1.682629e-01	1.878890e-02	1.927060e-01	1.180587e-02	-2.695309e-02	3.002259e-02	-2.949109e-02	-4.143891e-02	4.898678e-02	-2.640591e-02	3.372612e-02	-4.200984e-02	-1.783220e-02	3.099154e-02	
-2.354174e-02	1.743272e-02	-3.530603e-01	1.687225e-01	8.647210e-02	-9.716282e-02	1.082687e-01	1.179501e-01	-1.771186e-01	1.000000e+00	-9.835181e-01	9.169699e-01	-7.414604e-01	5.536916e-01	2.218641e-01	7.277587e-02	-7.725677e-02	7.715764e-02	7.805397e-03	-3.210099e-02	1.546372e-01	-2.029249e-01	2.596933e-01	6.939877e-02	-1.254669e-01	
4.070600e-02	-2.484039e-02	4.670467e-01	-2.241437e-01	-1.280332e-01	1.422547e-01	-1.544591e-01	-1.028000e-01	1.797502e-01	-9.835181e-01	1.000000e+00	-9.731883e-01	6.881995e-01	-4.924454e-01	-2.979629e-01	-8.592785e-02	9.164136e-02	-9.173643e-02	-1.694958e-02	4.534560e-02	-2.049940e-01	2.684675e-01	-3.432164e-01	-8.899407e-02	1.639153e-01	
-7.791579e-02	4.233344e-02	-6.022519e-01	2.961709e-01	1.718119e-01	-1.900079e-01	2.032259e-01	7.528617e-02	-1.682629e-01	9.169699e-01	-9.731883e-01	1.000000e+00	-5.750058e-01	3.782511e-01	3.890298e-01	9.869169e-02	-1.060215e-01	1.066794e-01	2.841275e-02	-6.106531e-02	2.644625e-01	-3.465027e-01	4.436523e-01	1.108255e-01	-2.089896e-01	
1.272289e-01	-1.238942e-01	-1.571478e-01	3.768158e-02	1.133492e-01	-1.268067e-01	1.268520e-01	-6.377169e-02	1.878890e-02	-7.414604e-01	6.881995e-01	-5.750058e-01	1.000000e+00	-9.485348e-01	1.136103e-01	4.899789e-03	-7.228207e-03	8.682818e-03	1.963431e-02	-1.805951e-02	5.371407e-02	-6.700161e-02	7.995618e-02	4.669797e-02	-6.063893e-02	
-8.871313e-02	7.382094e-02	2.855387e-01	-7.196788e-02	-1.188429e-01	1.462173e-01	-1.563019e-01	-9.827255e-02	1.927060e-01	5.536916e-01	-4.924454e-01	3.782511e-01	-9.485348e-01	1.000000e+00	-1.903612e-01	-2.772418e-02	3.194804e-02	-3.337579e-02	-3.211943e-02	3.837500e-02	-1.121123e-01	1.443699e-01	-1.804099e-01	-6.894238e-02	1.062747e-01	
6.288354e-02	-2.622996e-01	-6.547564e-01	4.840017e-01	1.543936e-02	-1.685731e-02	1.571631e-02	-1.391883e-02	1.180587e-02	2.218641e-01	-2.979629e-01	3.890298e-01	1.136103e-01	-1.903612e-01	1.000000e+00	-4.535840e-01	5.122176e-01	-5.577739e-01	1.716701e-02	2.142701e-01	1.580586e-01	-2.141981e-01	2.862601e-01	5.662541e-02	-9.273816e-02	
7.912553e-02	1.684992e-02	-1.171114e-01	8.331575e-02	1.407227e-02	-1.222968e-02	8.016674e-03	2.786905e-02	-2.695309e-02	7.277587e-02	-8.592785e-02	9.869169e-02	4.899789e-03	-2.772418e-02	-4.535840e-01	1.000000e+00	-9.841065e-01	9.395827e-01	-5.266606e-01	1.558291e-01	2.164285e-01	-2.565118e-01	2.898042e-01	8.068571e-02	-1.311594e-01	
-7.780987e-02	-2.132102e-02	1.251487e-01	-8.766807e-02	-1.543187e-02	1.430757e-02	-1.059481e-02	-3.018927e-02	3.002259e-02	-7.725677e-02	9.164136e-02	-1.060215e-01	-7.228207e-03	3.194804e-02	5.122176e-01	-9.841065e-01	1.000000e+00	-9.849635e-01	4.521718e-01	-6.907997e-02	-2.277968e-01	2.734426e-01	-3.124864e-01	-9.973525e-02	1.606618e-01	
6.875739e-02	1.773987e-02	-1.247472e-01	8.676693e-02	1.664323e-02	-1.632348e-02	1.353561e-02	2.828463e-02	-2.949109e-02	7.715764e-02	-9.173643e-02	1.066794e-01	8.682818e-03	-3.337579e-02	-5.577739e-01	9.395827e-01	-9.849635e-01	1.000000e+00	-3.695976e-01	-1.168160e-02	2.302331e-01	-2.794307e-01	3.225169e-01	1.119467e-01	-1.792305e-01	
4.234126e-02	1.375596e-01	-5.928837e-02	1.981274e-02	-1.128147e-02	1.076174e-02	-1.390335e-02	5.150577e-02	-4.143891e-02	7.805397e-03	-1.694958e-02	2.841275e-02	1.963431e-02	-3.211943e-02	1.716701e-02	-5.266606e-01	4.521718e-01	-3.695976e-01	1.000000e+00	-9.064562e-01	6.399042e-03	-7.788004e-03	9.248839e-03	8.362931e-02	-1.658164e-01	
-4.604153e-02	-1.467369e-01	8.891406e-02	-4.003191e-02	3.860372e-03	-2.988066e-03	6.338561e-03	-5.741567e-02	4.898678e-02	-3.210099e-02	4.534560e-02	-6.106531e-02	-1.805951e-02	3.837500e-02	2.142701e-01	1.558291e-01	-6.907997e-02	-1.168160e-02	-9.064562e-01	1.000000e+00	-9.463604e-02	1.124529e-01	-1.265030e-01	-1.274711e-01	2.507180e-01	
2.766745e-02	-1.575520e-02	-3.984265e-01	2.889193e-01	4.813701e-03	-4.871187e-03	8.836585e-04	3.069344e-02	-2.640591e-02	1.546372e-01	-2.049940e-01	2.644625e-01	5.371407e-02	-1.121123e-01	1.580586e-01	2.164285e-01	-2.277968e-01	2.302331e-01	6.399042e-03	-9.463604e-02	1.000000e+00	-9.831158e-01	9.159172e-01	-6.793957e-01	5.019680e-01	
-8.154972e-03	3.630090e-03	5.144439e-01	-3.692431e-01	-9.375625e-03	9.746555e-03	-5.043494e-03	-3.712345e-02	3.372612e-02	-2.029249e-01	2.684675e-01	-3.465027e-01	-6.700161e-02	1.443699e-01	-2.141981e-01	-2.565118e-01	2.734426e-01	-2.794307e-01	-7.788004e-03	1.124529e-01	-9.831158e-01	1.000000e+00	-9.731211e-01	6.115450e-01	-4.238871e-01	
-3.676554e-02	2.533831e-02	-6.464634e-01	4.587385e-01	1.558662e-02	-1.641849e-02	1.107349e-02	4.345784e-02	-4.200984e-02	2.596933e-01	-3.432164e-01	4.436523e-01	7.995618e-02	-1.804099e-01	2.862601e-01	2.898042e-01	-3.124864e-01	3.225169e-01	9.248839e-03	-1.265030e-01	9.159172e-01	-9.731211e-01	1.000000e+00	-4.865411e-01	2.949361e-01	
1.230563e-01	-7.853778e-02	-1.985872e-01	1.320014e-01	1.356871e-02	-1.420173e-02	1.283883e-02	1.813288e-02	-1.783220e-02	6.939877e-02	-8.899407e-02	1.108255e-01	4.669797e-02	-6.894238e-02	5.662541e-02	8.068571e-02	-9.973525e-02	1.119467e-01	8.362931e-02	-1.274711e-01	-6.793957e-01	6.115450e-01	-4.865411e-01	1.000000e+00	-9.628878e-01	
-9.029534e-02	3.594217e-02	3.308311e-01	-2.241543e-01	-1.668875e-02	1.779154e-02	-1.529709e-02	-3.178615e-02	3.099154e-02	-1.254669e-01	1.639153e-01	-2.089896e-01	-6.063893e-02	1.062747e-01	-9.273816e-02	-1.311594e-01	1.606618e-01	-1.792305e-01	-1.658164e-01	2.507180e-01	5.019680e-01	-4.238871e-01	2.949361e-01	-9.628878e-01	1.000000e+00	

Time taken for mcmc chain: 2.924722 hours
